0,0,25e6,50e6,100e6,150e6,200e6,250e6,300e6,400e6
1,0,-72,-143,-280,-455,-642,-709,-826,-1050
2,0,-357,-704,-1310,-2147,-2821,-3543,-4219,-5772
3,0,0,0,0,0,0,0,0,0
4,0,0,0,0,0,0,0,0,0
5,0,0,0,0,0,0,0,0,0
6,0,0,0,0,0,0,0,0,0
7,0,0,0,0,0,0,0,0,0
8,0,0,0,0,0,0,0,0,0
9,0,0,0,0,0,0,0,0,0
10,0,0,0,0,0,0,0,0,0
11,0,0,0,0,0,0,0,0,0
12,0,0,0,0,0,0,0,0,0
13,0,0,0,0,0,0,0,0,0
14,0,0,0,0,0,0,0,0,0
15,0,0,0,0,0,0,0,0,0
16,0,0,0,0,0,0,0,0,0
17,0,0,0,0,0,0,0,0,0
18,0,0,0,0,0,0,0,0,0
19,0,0,0,0,0,0,0,0,0
20,0,0,0,0,0,0,0,0,0